46 30 16 21 -7 -18 -17 -26 -31
30 46 28 29 1 -10 -11 -18 -21
16 28 46 29 7 -4 -1 -16 -19
21 29 29 45 10 -5 -6 -21 -24
-7 1 7 10 45 29 24 9 8
-18 -10 -4 -5 29 46 33 22 19
-17 -11 -1 -6 24 33 45 29 24
-26 -18 -16 -21 9 22 29 46 37
-31 -21 -19 -24 8 19 24 37 45